1234
1243
1324
1342
1423
1432
2134
2143
2314
2341
2413
2431
3124
3142
3214
3241
3412
3421
4123
4132
4213
4231
4312
4321

1---------------
	4 1 2 3		4 x x x
	4 1 3 2
	4 2 1 3
	4 2 3 1
	4 3 1 2
	4 3 2 1
2---------------
	1 4 2 3		1 4 x x
	1 4 3 2
	2 1 4 3
	2 4 1 3		2 4 x x
	2 4 3 1
	3 1 2 4		3 1 x x
	3 1 4 2
	3 2 1 4		3 x x 4
	3 2 4 1		3 X 4 X
	3 4 1 2		3 4 X X
	3 4 2 1
3---------------
	1 2 4 3
	1 3 2 4		1 3 X X
	1 3 4 2
	2 1 3 4 	2 1 X X
	2 1 4 3
	2 3 1 4		2 3 X X
	2 3 4 1
4---------------
	1 2 3 4		1 2 3 4
